
4qtj5pay2pa1c	1	1325800	2597132	1422	1422.027
30p3mh3brvpt9	1	23994	16239	27.6	27.636
b9p45hkcx0pwh	1	97824	8558	16.4	16.426
20x4skzx6dbjm	1	41559	220	12.7	12.656
1j6tnz8fcm4c3	1	66515	66331	9.9	9.908
1jb0rx0tq963n	2	107011	51729	9.5	4.744
gqah5jpyv3cns	1	10042	4280	6.6	6.593
8vgz0m72d5sp9	1	1870082	1694	4.6	4.604
fhf8upax5cxsz	5	31608	1270	4.3	0.862
5ca3fp27s4tny	1	35687	8098	3.4	3.425
0w26sk6t6gq98	5	21890	577	3.4	0.682
1nb2yz417amny	1	5608	2212	3.1	3.106
8n5pqrwhcu4x1	2	5428	2062	2.9	1.452
0za9fv0j1vgkk	5	17608	311	2.8	0.569
4zr474h0u8m4v	2	2597	62	2.3	1.17


User I/O	1443.8
Other	33.9
System I/O	18.4
Concurrency	0.5
Commit	0.1
Network	0
Application	0
Administrative	0



